theta_hat = 0
return = 53.7055
[392, 298, 249, 298, 330, 296, 0, 0, 0, 0, 0, 0, 0, 0, 0, 0, 0, 0, 0, 0, 0, 0, 0, 0, 0, 0, 0, 0, 0, 0, 0, 0, 0, 0, 0, 0, 390, 0, 0, 0, 0, 0, 345, 0, 0, 0, 0, 0, 326, 0, 0, 0, 0, 0, 358, 0, 0, 0, 0, 0, 358, 0, 0, 0, 0, 0, 353, 0, 0, 0, 0, 0]


theta_hat = 1
return = 52.99825
[0, 0, 0, 0, 0, 0, 316, 337, 306, 294, 324, 307, 0, 0, 0, 0, 0, 0, 0, 0, 0, 0, 0, 0, 0, 0, 0, 0, 0, 0, 0, 0, 0, 0, 0, 0, 0, 333, 0, 0, 0, 0, 0, 327, 0, 0, 0, 0, 0, 393, 0, 0, 0, 0, 0, 374, 0, 0, 0, 0, 0, 337, 0, 0, 0, 0, 0, 345, 0, 0, 0, 0]


theta_hat = 2
return = 53.88275
[0, 0, 0, 0, 0, 0, 0, 0, 0, 0, 0, 0, 383, 303, 367, 307, 314, 284, 0, 0, 0, 0, 0, 0, 0, 0, 0, 0, 0, 0, 0, 0, 0, 0, 0, 0, 0, 0, 349, 0, 0, 0, 0, 0, 341, 0, 0, 0, 0, 0, 319, 0, 0, 0, 0, 0, 377, 0, 0, 0, 0, 0, 325, 0, 0, 0, 0, 0, 322, 0, 0, 0]


theta_hat = 3
return = 51.572
[0, 0, 0, 0, 0, 0, 0, 0, 0, 0, 0, 0, 0, 0, 0, 0, 0, 0, 295, 306, 268, 360, 312, 346, 0, 0, 0, 0, 0, 0, 0, 0, 0, 0, 0, 0, 0, 0, 0, 408, 0, 0, 0, 0, 0, 307, 0, 0, 0, 0, 0, 365, 0, 0, 0, 0, 0, 314, 0, 0, 0, 0, 0, 354, 0, 0, 0, 0, 0, 356, 0, 0]


theta_hat = 4
return = 51.13675
[0, 0, 0, 0, 0, 0, 0, 0, 0, 0, 0, 0, 0, 0, 0, 0, 0, 0, 0, 0, 0, 0, 0, 0, 302, 306, 323, 366, 364, 322, 0, 0, 0, 0, 0, 0, 0, 0, 0, 0, 362, 0, 0, 0, 0, 0, 366, 0, 0, 0, 0, 0, 346, 0, 0, 0, 0, 0, 305, 0, 0, 0, 0, 0, 315, 0, 0, 0, 0, 0, 318, 0]


theta_hat = 5
return = 52.25225
[0, 0, 0, 0, 0, 0, 0, 0, 0, 0, 0, 0, 0, 0, 0, 0, 0, 0, 0, 0, 0, 0, 0, 0, 0, 0, 0, 0, 0, 0, 338, 294, 336, 342, 335, 323, 0, 0, 0, 0, 0, 373, 0, 0, 0, 0, 0, 285, 0, 0, 0, 0, 0, 360, 0, 0, 0, 0, 0, 292, 0, 0, 0, 0, 0, 342, 0, 0, 0, 0, 0, 372]